#{bals => #{},etxs => [],failed => [],
  hash =>
      <<37,90,124,253,126,228,122,213,213,69,162,194,186,25,214,153,106,66,190,
        28,75,185,181,253,247,189,100,87,133,149,6,147>>,
  header =>
      #{chain => 103,height => 0,
        parent => <<0,0,0,0,0,0,0,0>>,
        roots =>
            [{setroot,<<86,59,47,24,244,6,218,33,110,31,60,89,191,130,139,
                        226,213,157,209,23,232,95,175,195,44,121,25,243,103,
                        128,6,143>>}],
        ver => 2},
  settings =>
      [{<<"C13F5C1B14E74DB8DF4EDD2C3AEED740">>,
        #{body =>
              <<131,161,101,128,161,107,19,161,112,220,0,19,131,196,1,112,145,
                196,6,99,104,97,105,110,115,196,1,116,196,8,108,105,115,116,95,
                97,100,100,196,1,118,103,131,196,1,112,146,196,4,107,101,121,
                115,196,5,110,111,100,101,49,196,1,116,196,3,115,101,116,196,1,
                118,196,33,3,181,30,104,190,226,42,193,248,193,39,224,80,171,
                166,197,166,52,215,39,250,239,235,253,124,210,63,198,167,9,104,
                222,38,131,196,1,112,146,196,4,107,101,121,115,196,5,110,111,
                100,101,50,196,1,116,196,3,115,101,116,196,1,118,196,33,2,85,6,
                66,96,13,18,101,165,100,53,106,228,191,171,190,161,125,129,203,
                59,175,0,217,79,219,132,224,141,47,96,242,43,131,196,1,112,146,
                196,4,107,101,121,115,196,5,110,111,100,101,51,196,1,116,196,3,
                115,101,116,196,1,118,196,33,2,192,9,191,119,136,9,128,151,153,
                169,90,216,83,28,47,110,248,109,104,157,124,114,137,202,171,53,
                248,229,229,199,9,136,131,196,1,112,146,196,9,110,111,100,101,
                99,104,97,105,110,196,5,110,111,100,101,49,196,1,116,196,3,115,
                101,116,196,1,118,103,131,196,1,112,146,196,9,110,111,100,101,
                99,104,97,105,110,196,5,110,111,100,101,50,196,1,116,196,3,115,
                101,116,196,1,118,103,131,196,1,112,146,196,9,110,111,100,101,
                99,104,97,105,110,196,5,110,111,100,101,51,196,1,116,196,3,115,
                101,116,196,1,118,103,131,196,1,112,147,196,7,99,117,114,114,
                101,110,116,196,5,99,104,97,105,110,196,9,98,108,111,99,107,
                116,105,109,101,196,1,116,196,3,115,101,116,196,1,118,2,131,
                196,1,112,147,196,7,99,117,114,114,101,110,116,196,5,99,104,97,
                105,110,196,6,109,105,110,115,105,103,196,1,116,196,3,115,101,
                116,196,1,118,2,131,196,1,112,147,196,7,99,117,114,114,101,110,
                116,196,5,99,104,97,105,110,196,10,97,108,108,111,119,101,109,
                112,116,121,196,1,116,196,3,115,101,116,196,1,118,0,131,196,1,
                112,147,196,7,99,117,114,114,101,110,116,196,5,99,104,97,105,
                110,196,9,112,97,116,99,104,115,105,103,115,196,1,116,196,3,
                115,101,116,196,1,118,2,131,196,1,112,147,196,7,99,117,114,114,
                101,110,116,196,10,97,108,108,111,99,98,108,111,99,107,196,5,
                98,108,111,99,107,196,1,116,196,3,115,101,116,196,1,118,103,
                131,196,1,112,147,196,7,99,117,114,114,101,110,116,196,10,97,
                108,108,111,99,98,108,111,99,107,196,5,103,114,111,117,112,196,
                1,116,196,3,115,101,116,196,1,118,10,131,196,1,112,147,196,7,
                99,117,114,114,101,110,116,196,10,97,108,108,111,99,98,108,111,
                99,107,196,4,108,97,115,116,196,1,116,196,3,115,101,116,196,1,
                118,0,131,196,1,112,148,196,7,99,117,114,114,101,110,116,196,7,
                101,110,100,108,101,115,115,196,8,128,1,64,0,103,0,0,1,196,2,
                83,75,196,1,116,196,3,115,101,116,196,1,118,195,131,196,1,112,
                148,196,7,99,117,114,114,101,110,116,196,7,101,110,100,108,101,
                115,115,196,8,128,1,64,0,103,0,0,1,196,3,84,83,84,196,1,116,
                196,3,115,101,116,196,1,118,195,131,196,1,112,146,196,7,99,117,
                114,114,101,110,116,196,7,102,114,101,101,103,97,115,196,1,116,
                196,3,115,101,116,196,1,118,206,0,30,132,128,131,196,1,112,147,
                196,7,99,117,114,114,101,110,116,196,3,103,97,115,196,2,83,75,
                196,1,116,196,3,115,101,116,196,1,118,205,3,232,131,196,1,112,
                146,196,7,99,117,114,114,101,110,116,196,4,110,111,115,107,196,
                1,116,196,3,115,101,116,196,1,118,1>>,
          kind => patch,
          patches =>
              [#{<<"p">> => [<<"chains">>],
                 <<"t">> => <<"list_add">>,<<"v">> => 103},
               #{<<"p">> => [<<"keys">>,<<"node1">>],
                 <<"t">> => <<"set">>,
                 <<"v">> =>
                     <<3,181,30,104,190,226,42,193,248,193,39,224,80,171,166,
                       197,166,52,215,39,250,239,235,253,124,210,63,198,167,9,
                       104,222,38>>},
               #{<<"p">> => [<<"keys">>,<<"node2">>],
                 <<"t">> => <<"set">>,
                 <<"v">> =>
                     <<2,85,6,66,96,13,18,101,165,100,53,106,228,191,171,190,
                       161,125,129,203,59,175,0,217,79,219,132,224,141,47,96,
                       242,43>>},
               #{<<"p">> => [<<"keys">>,<<"node3">>],
                 <<"t">> => <<"set">>,
                 <<"v">> =>
                     <<2,192,9,191,119,136,9,128,151,153,169,90,216,83,28,47,
                       110,248,109,104,157,124,114,137,202,171,53,248,229,229,
                       199,9,136>>},
               #{<<"p">> => [<<"nodechain">>,<<"node1">>],
                 <<"t">> => <<"set">>,<<"v">> => 103},
               #{<<"p">> => [<<"nodechain">>,<<"node2">>],
                 <<"t">> => <<"set">>,<<"v">> => 103},
               #{<<"p">> => [<<"nodechain">>,<<"node3">>],
                 <<"t">> => <<"set">>,<<"v">> => 103},
               #{<<"p">> => [<<"current">>,<<"chain">>,<<"blocktime">>],
                 <<"t">> => <<"set">>,<<"v">> => 2},
               #{<<"p">> => [<<"current">>,<<"chain">>,<<"minsig">>],
                 <<"t">> => <<"set">>,<<"v">> => 2},
               #{<<"p">> => [<<"current">>,<<"chain">>,<<"allowempty">>],
                 <<"t">> => <<"set">>,<<"v">> => 0},
               #{<<"p">> => [<<"current">>,<<"chain">>,<<"patchsigs">>],
                 <<"t">> => <<"set">>,<<"v">> => 2},
               #{<<"p">> => [<<"current">>,<<"allocblock">>,<<"block">>],
                 <<"t">> => <<"set">>,<<"v">> => 103},
               #{<<"p">> => [<<"current">>,<<"allocblock">>,<<"group">>],
                 <<"t">> => <<"set">>,<<"v">> => 10},
               #{<<"p">> => [<<"current">>,<<"allocblock">>,<<"last">>],
                 <<"t">> => <<"set">>,<<"v">> => 0},
               #{<<"p">> =>
                     [<<"current">>,<<"endless">>,
                      <<128,1,64,0,103,0,0,1>>,
                      <<"SK">>],
                 <<"t">> => <<"set">>,<<"v">> => true},
               #{<<"p">> =>
                     [<<"current">>,<<"endless">>,
                      <<128,1,64,0,103,0,0,1>>,
                      <<"TST">>],
                 <<"t">> => <<"set">>,<<"v">> => true},
               #{<<"p">> => [<<"current">>,<<"freegas">>],
                 <<"t">> => <<"set">>,<<"v">> => 2000000},
               #{<<"p">> => [<<"current">>,<<"gas">>,<<"SK">>],
                 <<"t">> => <<"set">>,<<"v">> => 1000},
               #{<<"p">> => [<<"current">>,<<"nosk">>],
                 <<"t">> => <<"set">>,<<"v">> => 1}],
          sig =>
              [<<255,71,48,69,2,32,99,159,61,140,22,6,7,221,4,172,202,159,240,
                 17,28,12,20,171,90,106,155,137,153,137,49,218,95,158,252,8,
                 152,42,2,33,0,167,156,76,151,53,119,233,216,81,172,225,113,
                 113,176,192,61,187,128,125,251,37,58,136,210,219,132,255,227,
                 171,216,169,172,2,33,2,192,9,191,119,136,9,128,151,153,169,90,
                 216,83,28,47,110,248,109,104,157,124,114,137,202,171,53,248,
                 229,229,199,9,136>>,
               <<255,71,48,69,2,32,89,40,42,78,101,153,171,33,161,157,149,80,
                 133,132,204,246,80,56,98,61,245,32,16,125,94,229,136,200,248,
                 192,22,133,2,33,0,246,30,237,170,167,80,41,60,110,216,227,190,
                 80,236,123,251,117,23,65,59,108,88,51,162,153,135,36,245,137,
                 99,94,219,2,33,2,85,6,66,96,13,18,101,165,100,53,106,228,191,
                 171,190,161,125,129,203,59,175,0,217,79,219,132,224,141,47,96,
                 242,43>>,
               <<255,72,48,70,2,33,0,170,90,216,85,115,63,135,202,239,164,136,
                 191,249,32,0,128,168,170,94,115,97,251,242,247,20,224,219,91,
                 114,7,145,148,2,33,0,179,49,68,96,146,32,205,54,8,17,186,75,
                 74,229,50,173,201,32,33,67,121,157,137,172,216,159,62,67,239,
                 5,164,148,2,33,3,181,30,104,190,226,42,193,248,193,39,224,80,
                 171,166,197,166,52,215,39,250,239,235,253,124,210,63,198,167,
                 9,104,222,38>>],
          ver => 2}}],
  sign =>
      [<<255,72,48,70,2,33,0,220,49,50,146,175,26,71,14,88,23,165,158,31,16,
         188,60,224,99,236,193,112,228,85,135,188,254,11,60,96,160,174,58,2,33,
         0,195,182,249,43,193,122,251,52,252,119,242,160,58,208,116,8,206,220,
         153,130,151,190,225,202,5,47,152,53,128,66,155,165,2,33,2,192,9,191,
         119,136,9,128,151,153,169,90,216,83,28,47,110,248,109,104,157,124,114,
         137,202,171,53,248,229,229,199,9,136,1,8,0,0,1,128,174,81,166,63>>,
       <<255,70,48,68,2,32,76,70,9,86,226,63,209,222,47,189,176,47,136,213,36,
         100,240,56,170,213,237,95,13,174,1,23,95,18,57,51,74,189,2,32,115,199,
         238,251,148,215,154,197,65,229,135,27,48,154,206,168,37,253,159,53,
         188,197,83,141,49,160,86,126,149,8,81,152,2,33,2,85,6,66,96,13,18,101,
         165,100,53,106,228,191,171,190,161,125,129,203,59,175,0,217,79,219,
         132,224,141,47,96,242,43,1,8,0,0,1,128,174,81,166,61>>,
       <<255,71,48,69,2,33,0,212,117,165,31,64,99,194,123,216,254,215,152,32,
         124,95,205,220,110,141,233,212,42,180,181,162,173,64,232,124,34,108,
         43,2,32,122,10,204,135,129,157,158,11,124,172,40,207,245,161,3,127,
         27,10,27,140,21,152,84,51,81,83,243,137,51,66,130,220,2,33,3,181,30,
         104,190,226,42,193,248,193,39,224,80,171,166,197,166,52,215,39,250,
         239,235,253,124,210,63,198,167,9,104,222,38,1,8,0,0,1,128,174,81,166,
         59>>],
  txs => []}.
